1 1 1 1 1 3
1 1 1 1 1 3
1 1 1 1 1 3
1 1 1 1 1 3
1 1 1 1 1 3
1 1 1 1 1 3
1 1 1 1 1 3
1 1 1 1 1 3
1 1 1 1 1 3
1 1 1 1 1 3
1 1 1 1 1 3
1 1 1 1 1 3
1 1 1 1 1 3
1 1 1 1 1 3
1 1 1 1 1 3
1 1 1 1 1 3
1 1 1 1 1 3
1 1 1 1 1 3
1 1 1 1 1 3
1 1 1 1 1 3
1 1 1 1 1 3
1 1 1 1 1 3
1 1 1 1 1 3
1 1 1 1 1 3
1 1 1 1 1 3
1 1 1 1 1 3
1 1 1 1 1 3
1 1 1 1 1 3
1 1 1 1 1 3
1 1 1 1 1 3
-0.547652556929168 -0.577471180234674 -0.111405927113371 1.4616389737214 -0.680047638322182 -0.766805672365605
-1.31003246122045 -1.46512969148963 1.18747261255534 0.863242847444333 -0.71774816545756 -1.42144369073944
0.00392797642436654 0.495618469975943 -2.05059580852231 -0.0438332544586211 -1.17108883037928 -1.63282267829864
1.15301896197347 -1.29771916755925 0.42025691467637 0.317168529807039 2.87182585816663 0.0742821207252133
0.077328110247657 1.05805710196133 -0.757028785003784 0.0251474595894675 1.86086322872669 -0.25139621643909
0.0904270189830192 -1.90439408130322 1.07735355503669 1.18245058333505 -1.44239096393196 -0.585626295514191
-0.364886297074851 -0.061753019772676 0.494350217528278 0.359605905888831 -0.383846911738768 0.110616684744809
-1.4948768568543 -0.0961084494175833 -0.0942052621333948 -0.268566649229964 -0.172601423357081 0.0113834485863367
-0.0523616285278791 1.93648523710992 -0.498583535014013 -1.00038563434082 -0.0393828616329248 0.208734977806506
-0.521372102208395 0.299961029808282 -0.273438732159585 0.59907553546783 0.973890967937337 0.287635916689433
0.383137012822749 0.0854824899611159 -1.40174308095793 1.53484250898549 -0.106055687775763 -0.768023415815391
0.38239411151994 2.42599779236137 0.256997986626568 -0.161376286975765 0.25198281033558 0.293002858749471
-0.885712371723317 0.556764843034905 -0.274102189296821 1.20157891824069 0.539449646146834 0.0376877510479317
-1.85092832093847 0.55466971464906 0.889169498599248 3.58566667888148 -1.43584000665267 -0.573690328198623
0.517656950322882 -0.332470235965731 0.528499516156627 1.92971157966679 -2.00687511341557 -0.867976951391078
-0.845393205307762 -0.503687761397354 -0.0495679543802494 1.438819793335 1.67006300590502 -1.18782712043433
0.399019594980713 0.471379294898786 -0.477813296808011 1.19310088727299 -0.353317923278955 -0.12538197278855
1.7389126812218 0.402424934558827 0.413472709861636 0.21596579144352 0.85341906171638 0.487581017529126
-0.51050467876632 1.34603074100527 -0.149186626426391 -0.721734120893965 0.75976942845299 0.719750851862745
1.96504884838513 1.13900575835343 0.710661604056691 -0.120528388143608 -0.105221149695803 -0.195616626624669
-0.402762698098744 0.382095197733469 -0.571383993082611 0.170957405102617 0.767088932275216 -2.08169696690074
0.964945196337328 -0.752990450689747 -0.876300904748125 0.455417139306088 -0.418325235199186 -0.94316567677809
0.426681898830515 -1.30472155446397 -3.50071989474187 -0.396196896166133 -1.46362788767111 -0.841659515350355
0.794689025795916 1.8316361320071 -1.12662445659939 -0.166966373343298 -0.557529810273189 -0.762438577837235
-0.164249131249588 0.133424877905929 0.332112771272557 0.0621369739924132 -0.321184359832882 0.0346669441858533
0.144058011312225 0.444758412592 -0.330189434282797 -0.872896445996655 1.19819063301704 0.662411915706148
-0.408593567335729 -0.0560365276407117 0.598406862317591 0.0738844962029714 -1.76305035108329 -0.706520126822671
-1.16223032868444 -2.16784100289819 1.15514516465641 1.2714799333806 1.91391056144639 -1.49085506999513
-0.0189214436564009 0.64531500722753 -0.675644326075082 0.513732694612429 -1.03018374890396 -0.317759440182329
-0.390761034482997 1.31035182723797 1.05398691030021 0.550656489323809 0.514491749057285 0.891270229630491
-0.963108647721327 -1.19901454314533 0.0155695146780459 0.204275888704039 -1.34677544848693 -0.133930940770331
-0.224444765683022 0.934956090126127 -0.173150789822112 -0.512026155984093 -0.662577412456465 1.54805473421884
1.02277615235896 0.425007699191602 1.28665064402013 -0.482256793027866 1.87231230577832 -0.547203293632816
0.605024719838724 -0.610382228380228 0.489244078037069 -0.48441437296819 -1.94644481485128 1.20717607169343
-0.0394382244650851 -0.864369934841098 -0.701437470582716 1.41290529533963 -0.434772106661492 0.381871972335244
-0.147120971275975 0.913565051824987 -0.218216923638417 -0.194677828764632 1.84530648846032 -0.137401198157306
0.360587030303257 -0.502339742353684 -0.324050317879274 0.172257577920647 -0.736246969709533 0.193526579219874
0.37796066879742 1.93410934734425 0.143699062612602 0.34329946970449 0.566686514379215 0.21163672285697
-0.194816542561756 -0.642116178674726 -0.0222025452872757 -0.426371098629091 0.29805558305611 0.0761157551617626
-1.00027477157177 0.364949456232154 -1.2298582106144 -0.292568122652797 0.618607836793701 2.02187429899189
-1.35788092547202 -0.184398871189461 0.804303727965662 1.99172168565698 0.480021239626454 0.472114523366021
-1.28919648692749 -1.09480750746946 -0.42172225568408 0.763026747861916 -0.669304697262831 1.04860080255771
-0.00247367924119491 0.698080708996148 -0.771166598789111 0.908312798080621 0.61925328416641 2.62511688813613
0.812421526408645 0.393334983644283 0.93094790308587 -0.847333867231408 -0.764546083128973 0.244382935898259
0.500174297089705 -1.1881556413516 -0.368752695892711 -0.404893971059132 0.944091645357251 0.529897768031936
-1.2203008163006 0.928816209501954 -0.212529388133403 0.741201713576861 -0.162274749483869 0.399689120336568
-0.0359951381303735 0.60074201019129 1.31216860716459 -0.363178284972843 0.741148356542423 0.79485798532111
-0.934362785178748 -1.83330717380213 -1.41756987089629 2.58803258684617 0.219289453957714 0.0596280810705474
0.547981820517907 -1.22851890035866 0.0711653928914911 0.676804453238564 -1.36513420047481 -0.214628214541296
-1.08613202719762 -1.26036415324531 -0.585808073583066 0.564304116305673 -0.502784057230264 -0.313435425695376
1.28840276417344 -0.258753632606826 0.485430996620396 3.07131179491912 -1.07329699311176 0.0488596723359654
-1.77145797427617 2.17200216524093 -0.249760385736735 1.38437173561166 -1.45487492771018 -0.977923786508231
-0.297898528587141 -1.09508842048509 0.280238853600967 0.0385425034957583 0.208594542713386 -1.12668360905032
-1.6826650958793 0.0508125432275056 -1.25976861722414 -0.915800890176241 0.70344256587449 0.83799947925022
-0.416546861075283 -0.405879018988016 0.656194658627014 -0.109629974500707 1.41128135786206 -0.930746634226394
0.133028193261673 -0.390146000255602 1.58248976719238 2.11433164159716 -0.0239692863053504 -0.216224278521572
0.215067898837098 0.36016908057061 0.289498243555048 -0.268448572389367 0.44473013980126 -0.115708752840191
0.463742984207685 -0.432429892866012 1.47636051526358 -0.850699659919923 0.849778816392834 -0.99942762785986
-1.27434531527112 0.539643876185687 0.706255477316437 0.262363697314237 0.456292939296938 0.544872758576183
-1.40576138834157 0.317606934995114 -0.610814849971783 -0.936445663273506 0.257452540975544 0.518267320809222
-0.28356159454225 0.660865755346805 -0.0518558579247221 0.301846375567995 0.55741662621127 1.34920396347885
-0.331791506325879 1.42202115888813 0.0551691053121335 -0.386056202666689 -0.795374793977517 -1.30595447527316
0.73402910093345 1.7554166149728 -1.05714038799223 0.587413919665493 1.15535361774523 1.10511509231686
0.116639142854021 0.75950557410432 0.376295017830154 2.0308246295899 -1.64098560096301 -0.0871765545637297
0.509577312699762 0.187347566496919 -0.0167631861966736 0.291441150948319 -0.0501790015049499 0.037694203720928
-0.678112905682555 0.484595717729074 -0.0203487127005278 0.55995724845084 2.61040666600194 -0.110574262869971
-0.560210096806209 -0.418484251144037 1.6757193218063 0.517510014197927 0.379673383272905 1.06919062604302
0.338219706083197 -0.264006203663684 0.986316236695164 -1.44238946612915 -0.629777031989655 0.741359477262675
-0.201293214245412 0.794690983926971 0.780127041376869 -0.0532263873002136 -0.33736508775848 -2.69826187846075
1.21815415981379 0.735725451397882 -0.878694640581514 -0.079033430137714 -1.27388567136915 -1.06701355148509
0.0727334843621133 0.602888358750597 -0.223823530908315 0.204617275829851 1.16110525915768 0.0758634186683488
0.294017508804498 0.100113006297764 -0.00995361301407017 -1.03933458066205 -0.609558238128009 0.474421495819766
0.304295838710847 0.795821385298202 -0.79185064457335 0.342270337130022 1.09487495389834 0.139109357587913
-0.412116262808379 -0.137431123232467 0.371565750965517 1.71992141465762 -1.56810996488722 0.187865030976523
-0.120509665461663 -0.904064816661481 -0.0394562506924268 -0.632300215436875 -0.972622336314683 2.07274126752328
-0.387631431861116 1.38463830220674 -2.53032283534057 -0.972435145196037 1.78469687909056 -0.607243769055317
-0.400986417655816 0.254794554628895 -1.37422012661735 1.38106662623677 -0.268778179810943 -0.363521379699949
0.975477133589899 2.47603619882951 0.500278389752554 0.730293457224977 -0.512670787993288 -1.37402878324847
0.0998227362155082 -0.270535002296385 0.777775367310862 -0.158773622842519 0.0775848198932229 1.32706778086037
1.55935323136643 0.444186763063138 -0.331949641863359 1.52310143753494 0.117264702484394 -0.329075141365906
-0.681571362838072 0.342781211241274 -1.38510552901582 1.64219324496232 -1.02196923816953 0.40727663899138
0.0442494117683329 -0.932486753204383 1.16154739160139 -0.21013653066735 2.01797689104262 -0.0516344003903273
0.970583108704677 -0.0989579889342347 -0.0845274524038802 0.203862849722684 2.28582900651643 0.522930398923801
-0.467207727253964 0.983572339246984 0.391871785783377 -0.362202711424057 -1.1394283243323 0.894471272671271
0.698696891098519 -0.10523270216921 1.9221504554589 -1.37123167093793 -0.468775151926604 -1.35187583693685
0.347045760010134 -0.325599416375425 -2.88670248806576 0.80862990302103 0.929710701626109 -0.552996448222409
-0.244449428623181 0.98128132321589 -0.859031255757725 0.988477386129529 0.8877369878918 1.40424956510934
0.497980921167407 1.23392626755068 0.832391083032152 -0.871007262755784 -1.12055376435123 0.277404161454271
0.409095309345266 0.28716011558388 0.515777379462369 0.581791159123388 -1.96044736537051 -1.55101630782806
1.50642033502706 0.0812415801667202 0.511730303177627 1.09580718298843 0.291909009828514 -0.110448929093035
0.410606812100532 0.00863998270283368 0.926686959894231 -0.95770474168645 0.487816631319638 1.70793707058043
-0.310219385196055 -1.01880296915253 -0.121957789438106 0.398160570863783 -0.381414236737119 -0.63266270437145
-0.528449870282696 -0.43324528259943 -1.06597103332505 0.65333295564087 0.0150607171050964 0.714198136284148
-0.18778052876955 2.16050762480652 -0.282076953420707 -0.53928147716095 -0.831241961234536 2.47461487517987
-0.253174960159111 1.58107686862518 -0.92657789305753 -0.244173734291892 -0.581576487957511 -0.115490366191649
-0.365439376989368 -0.755064065164695 -1.1259909587264 -0.034409210144476 -0.976988566636171 -1.69876515485091
-1.61577348445135 0.952257788218981 -0.112522919387877 1.46209724183498 -2.17186618420615 -1.71741252664185
-2.119923947324 0.842139684856507 1.92853547904985 -1.00193191301353 0.546321886277772 -2.2807840889746
0.905929134768303 -0.699758622683922 1.44944767788777 -0.312749134923915 1.98954467578847 -0.726446893118301
0.55219187805238 -0.548434551463171 0.564882466235726 1.69765604464293 -1.28399880071535 -0.864696191543875
